hit view=0 wire=497 mult=1 multMC=1 simX=112.373 simTick=2816.83 recX=112.397 recTick=2817.25 RMS=3.70963 sigma=0.284372 startTick=2805 endTick=2827 deltaX=0.0234683 deltaTicks=0.421199 nRoiADCs=116 nHitADCs=22 nRawADCs=6400 backtrackerX=112.348
2770,-0.539806
2771,-0.262643
2772,0.0600658
2773,0.325805
2774,0.447896
2775,0.400812
2776,0.236815
2777,0.0609938
2778,-0.0227295
2779,0.0359117
2780,0.211141
2781,0.418455
2782,0.559213
2783,0.568291
2784,0.44215
2785,0.235264
2786,0.027807
2787,-0.11747
2788,-0.183926
2789,-0.198537
2790,-0.203193
2791,-0.223065
2792,-0.254119
2793,-0.273155
2794,-0.256177
2795,-0.190157
2796,-0.0758783
2797,0.0708367
2798,0.215831
2799,0.308163
2800,0.296232
2801,0.156732
2802,-0.0812528
2803,-0.338158
2804,-0.516677
2805,-0.546119
2806,-0.408394
2807,-0.128485
2808,0.261505
2809,0.75726
2810,1.39094
2811,2.2071
2812,3.21939
2813,4.37222
2814,5.52881
2815,6.49637
2816,7.0832
2817,7.16624
2818,6.73786
2819,5.90616
2820,4.84744
2821,3.73887
2822,2.71034
2823,1.83556
2824,1.15033
2825,0.670442
2826,0.394452
2827,0.298272
2828,0.33482
2829,0.441795
2830,0.552407
2831,0.607389
2832,0.570674
2833,0.444302
2834,0.268918
2835,0.101964
2836,-0.0145917
2837,-0.0733012
2838,-0.0947027
2839,-0.10563
2840,-0.12263
2841,-0.150009
2842,-0.186107
2843,-0.227198
2844,-0.265746
2845,-0.287151
2846,-0.270568
2847,-0.197233
2848,-0.0658012
2849,0.0929491
2850,0.216213
2851,0.23382
2852,0.108513
2853,-0.134972
2854,-0.415372
2855,-0.632549
2856,-0.711062
2857,-0.624246
2858,-0.39474
2859,-0.0839316
2860,0.221099
2861,0.427375
2862,0.467006
2863,0.328321
2864,0.0645398
2865,-0.231791
2866,-0.473781
2867,-0.613439
2868,-0.643676
2869,-0.578024
2870,-0.433896
2871,-0.234386
2872,-0.0187624
2873,0.159484
2874,0.25465
2875,0.255617
2876,0.194255
2877,0.12629
2878,0.0973758
2879,0.117736
2880,0.161321
2881,0.187439
2882,0.167932
2883,0.101498
2884,0.00895716
2885,-0.0817107
hit view=0 wire=498 mult=1 multMC=1 simX=112.272 simTick=2815.01 recX=112.332 recTick=2816.08 RMS=4.07311 sigma=0.253563 startTick=2791 endTick=2826 deltaX=0.0598481 deltaTicks=1.07413 nRoiADCs=136 nHitADCs=35 nRawADCs=6400 backtrackerX=112.271
2748,-0.0733787
2749,-0.0611831
2750,-0.0223362
2751,0.0307556
2752,0.0742211
2753,0.0876752
2754,0.0714672
2755,0.0494102
2756,0.0511167
2757,0.0860244
2758,0.130114
2759,0.137952
2760,0.0732702
2761,-0.0636273
2762,-0.2314
2763,-0.369039
2764,-0.428421
2765,-0.398624
2766,-0.310861
2767,-0.223976
2768,-0.196951
2769,-0.258244
2770,-0.385279
2771,-0.507659
2772,-0.538785
2773,-0.42356
2774,-0.175653
2775,0.121449
2776,0.356059
2777,0.450493
2778,0.403646
2779,0.283571
2780,0.17573
2781,0.127076
2782,0.1271
2783,0.132052
2784,0.102094
2785,0.0190114
2786,-0.118809
2787,-0.303849
2788,-0.516251
2789,-0.719535
2790,-0.870554
2791,-0.940852
2792,-0.929737
2793,-0.856419
2794,-0.740284
2795,-0.588842
2796,-0.402089
2797,-0.185394
2798,0.041766
2799,0.247507
2800,0.399076
2801,0.480094
2802,0.504872
2803,0.517802
2804,0.573182
2805,0.708822
2806,0.937184
2807,1.26402
2808,1.71629
2809,2.34808
2810,3.2112
2811,4.3078
2812,5.55708
2813,6.79723
2814,7.82302
2815,8.44436
2816,8.54362
2817,8.10894
2818,7.22878
2819,6.05343
2820,4.74758
2821,3.45904
2822,2.30964
2823,1.39437
2824,0.771778
2825,0.44439
2826,0.346018
2827,0.35691
2828,0.351467
2829,0.256929
2830,0.0856684
2831,-0.0842238
2832,-0.169816
2833,-0.143935
2834,-0.0537953
2835,0.0118476
2836,-0.0201779
2837,-0.165672
2838,-0.37929
2839,-0.583284
2840,-0.705433
2841,-0.704488
2842,-0.576497
2843,-0.34947
2844,-0.0755104
2845,0.179431
2846,0.353776
2847,0.414205
2848,0.369783
2849,0.261901
2850,0.135785
2851,0.0180455
2852,-0.0816108
2853,-0.153227
2854,-0.179544
2855,-0.150938
2856,-0.0858487
2857,-0.0307883
2858,-0.0344833
2859,-0.117041
2860,-0.258451
2861,-0.411129
2862,-0.522864
2863,-0.556224
2864,-0.500616
2865,-0.377379
2866,-0.234712
2867,-0.129191
2868,-0.0998769
2869,-0.149801
2870,-0.246355
2871,-0.338573
2872,-0.378794
2873,-0.337905
2874,-0.212476
2875,-0.0270687
2876,0.168799
2877,0.314562
2878,0.364698
2879,0.315143
2880,0.209804
2881,0.11673
2882,0.0870846
2883,0.125951
hit view=0 wire=499 mult=1 multMC=1 simX=112.171 simTick=2813.19 recX=112.207 recTick=2813.84 RMS=3.98604 sigma=0.207177 startTick=2801 endTick=2828 deltaX=0.0359393 deltaTicks=0.645022 nRoiADCs=128 nHitADCs=27 nRawADCs=6400 backtrackerX=112.173
2755,-0.12519
2756,-0.178084
2757,-0.17981
2758,-0.144441
2759,-0.116336
2760,-0.142634
2761,-0.241662
2762,-0.385504
2763,-0.50738
2764,-0.53267
2765,-0.419596
2766,-0.186875
2767,0.0902786
2768,0.315317
2769,0.415069
2770,0.36783
2771,0.203902
2772,-0.0134691
2773,-0.212676
2774,-0.335439
2775,-0.352618
2776,-0.271216
2777,-0.129902
2778,0.0152444
2779,0.109028
2780,0.114429
2781,0.0260634
2782,-0.124032
2783,-0.273645
2784,-0.351754
2785,-0.306107
2786,-0.124151
2787,0.161398
2788,0.482877
2789,0.759184
2790,0.921996
2791,0.938334
2792,0.819924
2793,0.614271
2794,0.382221
2795,0.174279
2796,0.0163231
2797,-0.0923177
2798,-0.170834
2799,-0.241671
2800,-0.311337
2801,-0.355016
2802,-0.315681
2803,-0.121744
2804,0.286754
2805,0.941228
2806,1.84586
2807,2.98725
2808,4.33363
2809,5.8167
2810,7.31231
2811,8.64506
2812,9.6258
2813,10.1043
2814,10.0076
2815,9.35038
2816,8.22421
2817,6.78192
2818,5.21721
2819,3.73131
2820,2.4871
2821,1.56986
2822,0.976783
2823,0.640044
2824,0.466958
2825,0.376611
2826,0.321106
2827,0.287715
2828,0.282658
2829,0.305222
2830,0.330852
2831,0.319098
2832,0.241828
2833,0.106734
2834,-0.0462836
2835,-0.173836
2836,-0.258983
2837,-0.319602
2838,-0.391898
2839,-0.50384
2840,-0.656388
2841,-0.820849
2842,-0.949245
2843,-0.989869
2844,-0.90293
2845,-0.675288
2846,-0.332361
2847,0.0595991
2848,0.408511
2849,0.627916
2850,0.671501
2851,0.552091
2852,0.333983
2853,0.102847
2854,-0.069748
2855,-0.148273
2856,-0.133616
2857,-0.0498796
2858,0.0670475
2859,0.17254
2860,0.21662
2861,0.159431
2862,-0.00424211
2863,-0.230492
2864,-0.438755
2865,-0.548455
2866,-0.519234
2867,-0.372322
2868,-0.181662
2869,-0.0376826
2870,-1.91405e-05
2871,-0.0646934
2872,-0.16758
2873,-0.224326
2874,-0.180323
2875,-0.0368939
2876,0.159796
2877,0.351397
2878,0.494829
2879,0.570885
2880,0.579385
2881,0.532173
2882,0.447811
hit view=0 wire=500 mult=1 multMC=1 simX=112.07 simTick=2811.38 recX=112.14 recTick=2812.64 RMS=3.77521 sigma=0.200848 startTick=2792 endTick=2827 deltaX=0.0705235 deltaTicks=1.26572 nRoiADCs=115 nHitADCs=35 nRawADCs=6400 backtrackerX=112.075
2765,0.383399
2766,0.366834
2767,0.319888
2768,0.233394
2769,0.121017
2770,0.0197481
2771,-0.0284543
2772,0.00119238
2773,0.10227
2774,0.2349
2775,0.336653
2776,0.34715
2777,0.238928
2778,0.037189
2779,-0.187356
2780,-0.351822
2781,-0.40147
2782,-0.332918
2783,-0.188451
2784,-0.0290882
2785,0.0936157
2786,0.150594
2787,0.132191
2788,0.0412528
2789,-0.106728
2790,-0.278937
2791,-0.428086
2792,-0.509132
2793,-0.501229
2794,-0.418279
2795,-0.298832
2796,-0.181771
2797,-0.0846503
2798,0.000946209
2799,0.0956851
2800,0.213366
2801,0.354317
2802,0.519905
2803,0.739118
2804,1.08603
2805,1.66996
2806,2.59546
2807,3.90584
2808,5.53358
2809,7.28259
2810,8.85994
2811,9.95674
2812,10.351
2813,9.98566
2814,8.98095
2815,7.57439
2816,6.02463
2817,4.53291
2818,3.21629
2819,2.12594
2820,1.27739
2821,0.664992
2822,0.259751
2823,0.00922081
2824,-0.146848
2825,-0.251163
2826,-0.313616
2827,-0.319865
2828,-0.258097
2829,-0.142596
2830,-0.014567
2831,0.0808541
2832,0.122501
2833,0.123202
2834,0.115138
2835,0.124753
2836,0.157868
2837,0.203268
2838,0.24637
2839,0.279291
2840,0.300988
2841,0.310639
2842,0.30128
2843,0.259416
2844,0.172191
2845,0.0379998
2846,-0.127752
2847,-0.297162
2848,-0.440831
2849,-0.535531
2850,-0.56367
2851,-0.510193
2852,-0.36585
2853,-0.137759
2854,0.14164
2855,0.41728
2856,0.628031
2857,0.730148
2858,0.716047
2859,0.618263
2860,0.495013
2861,0.402965
2862,0.369924
2863,0.381228
2864,0.388527
2865,0.339862
2866,0.217141
2867,0.0569007
2868,-0.0655532
2869,-0.084522
2870,0.00784269
2871,0.151077
2872,0.252948
2873,0.245012
2874,0.118163
2875,-0.0788645
2876,-0.266588
2877,-0.367185
2878,-0.33096
2879,-0.153496
hit view=0 wire=504 mult=1 multMC=3 simX=111.665 simTick=2804.11 recX=111.711 recTick=2804.94 RMS=3.98909 sigma=0.190851 startTick=2788 endTick=2821 deltaX=0.0464674 deltaTicks=0.833976 nRoiADCs=116 nHitADCs=33 nRawADCs=6400 backtrackerX=111.664
2757,0.330455
2758,0.34721
2759,0.304896
2760,0.209413
2761,0.0698035
2762,-0.0899647
2763,-0.225988
2764,-0.291938
2765,-0.270683
2766,-0.192365
2767,-0.118973
2768,-0.104258
2769,-0.159925
2770,-0.25386
2771,-0.339407
2772,-0.390575
2773,-0.415749
2774,-0.441274
2775,-0.480027
2776,-0.510932
2777,-0.486776
2778,-0.366481
2779,-0.149389
2780,0.113836
2781,0.343362
2782,0.471471
2783,0.475404
2784,0.381831
2785,0.245335
2786,0.120351
2787,0.0440245
2788,0.032588
2789,0.0837489
2790,0.180204
2791,0.295947
2792,0.407287
2793,0.506316
2794,0.613543
2795,0.787849
2796,1.12853
2797,1.75803
2798,2.77769
2799,4.20827
2800,5.94696
2801,7.77151
2802,9.39694
2803,10.5591
2804,11.0867
2805,10.9338
2806,10.1689
2807,8.93748
2808,7.42213
2809,5.81213
2810,4.28122
2811,2.96449
2812,1.93607
2813,1.20045
2814,0.707498
2815,0.384579
2816,0.166462
2817,0.00898321
2818,-0.111806
2819,-0.204206
2820,-0.263234
2821,-0.274006
2822,-0.221283
2823,-0.103921
2824,0.054291
2825,0.206736
2826,0.301343
2827,0.304707
2828,0.21825
2829,0.0764349
2830,-0.0704133
2831,-0.177297
2832,-0.220207
2833,-0.203275
2834,-0.156253
2835,-0.119943
2836,-0.122415
2837,-0.159817
2838,-0.197966
2839,-0.196355
2840,-0.137443
2841,-0.0407287
2842,0.0452776
2843,0.0658533
2844,-0.0135096
2845,-0.186985
2846,-0.404808
2847,-0.592639
2848,-0.686548
2849,-0.662413
2850,-0.541401
2851,-0.372401
2852,-0.20774
2853,-0.0857359
2854,-0.0214759
2855,-0.00306385
2856,0.00370103
2857,0.0375432
2858,0.116306
2859,0.221024
2860,0.304105
2861,0.318424
2862,0.246694
2863,0.11009
2864,-0.0472557
2865,-0.182411
2866,-0.268571
2867,-0.297279
2868,-0.277188
2869,-0.234576
2870,-0.207608
2871,-0.225886
2872,-0.284772
